{\rtf1\ansi\ansicpg1252\cocoartf2580
\cocoatextscaling0\cocoaplatform0{\fonttbl\f0\fswiss\fcharset0 Helvetica;}
{\colortbl;\red255\green255\blue255;}
{\*\expandedcolortbl;;}
\margl1440\margr1440\vieww11520\viewh8400\viewkind0
\pard\tx566\tx1133\tx1700\tx2267\tx2834\tx3401\tx3968\tx4535\tx5102\tx5669\tx6236\tx6803\pardirnatural\partightenfactor0

\f0\fs24 \cf0 U_01 = -0.366129X_1 + 0.015698X_1^2\
U_02 = -0.352941X_2 + 0.017321X_2^2\
U_03 = -0.359015X_3 + 0.014269X_3^2\
U_04 = -0.372664X_4 + 0.017145X_4^2\
U_05 = -0.363399X_5 + 0.016111X_5^2\
U_06 = -0.387369X_6 + 0.017166X_6^2\
U_07 = -0.398435X_7 + 0.01629X_7^2\
U_08 = -0.366834X_8 + 0.017398X_8^2\
U_09 = -0.392662X_9 + 0.017236X_9^2\
U_10 = -0.386272X_10 + 0.01636X_10^2\
U_11 = -0.388019X_11 + 0.01527X_11^2\
U_12 = -0.389083X_12 + 0.016222X_12^2\
U_13 = -0.365898X_13 + 0.015888X_13^2\
U_14 = -0.389138X_14 + 0.01764X_14^2\
U_15 = -0.386593X_15 + 0.017277X_15^2\
U_16 = -0.373951X_16 + 0.017579X_16^2\
U_17 = -0.379285X_17 + 0.016261X_17^2\
U_18 = -0.377347X_18 + 0.016773X_18^2\
U_19 = -0.366032X_19 + 0.018335X_19^2\
U_20 = -0.384959X_20 + 0.016506X_20^2\
U_21 = -0.373597X_21 + 0.01482X_21^2\
U_22 = -0.385089X_22 + 0.01618X_22^2\
U_23 = -0.356062X_23 + 0.015041X_23^2\
U_24 = -0.37302X_24 + 0.016562X_24^2\
U_25 = -0.389856X_25 + 0.017592X_25^2\
U_26 = -0.403351X_26 + 0.016374X_26^2\
U_27 = -0.374098X_27 + 0.017385X_27^2\
U_28 = -0.359546X_28 + 0.01481X_28^2\
U_29 = -0.391723X_29 + 0.017527X_29^2\
U_30 = -0.369945X_30 + 0.017307X_30^2\
U_31 = -0.353344X_31 + 0.014462X_31^2\
U_32 = -0.366543X_32 + 0.016705X_32^2\
U_33 = -0.372966X_33 + 0.017283X_33^2\
U_34 = -0.365923X_34 + 0.014467X_34^2\
U_35 = -0.377334X_35 + 0.017233X_35^2\
U_36 = -0.370589X_36 + 0.01815X_36^2\
U_37 = -0.373747X_37 + 0.016529X_37^2\
U_38 = -0.387449X_38 + 0.018442X_38^2\
U_39 = -0.393196X_39 + 0.018016X_39^2\
U_40 = -0.375198X_40 + 0.016587X_40^2}