{\rtf1\ansi\ansicpg1252\cocoartf2580
\cocoatextscaling0\cocoaplatform0{\fonttbl\f0\fswiss\fcharset0 Helvetica;}
{\colortbl;\red255\green255\blue255;}
{\*\expandedcolortbl;;}
\margl1440\margr1440\vieww11520\viewh8400\viewkind0
\pard\tx566\tx1133\tx1700\tx2267\tx2834\tx3401\tx3968\tx4535\tx5102\tx5669\tx6236\tx6803\pardirnatural\partightenfactor0

\f0\fs24 \cf0 U_01 = -0.41502X_1 + 0.004221X_1^2 + 0.001417X_1^3\
U_02 = -0.41520X_2 + 0.003817X_2^2 + 0.001452X_2^3\
U_03 = -0.41761X_3 + 0.00463X_3^2 + 0.00138X_3^3\
U_04 = -0.409618X_4 + 0.003004X_4^2 + 0.001569X_4^3\
U_05 = -0.432852X_5 + 0.002824X_5^2 + 0.001607X_5^3\
U_06 = -0.423667X_6 + 0.003887X_6^2 + 0.001445X_6^3\
U_07 = -0.409473X_7 + 0.005801X_7^2 + 0.001147X_7^3\
U_08 = -0.413927X_8 + 0.005829X_8^2 + 0.001344X_8^3\
U_09 = -0.421228X_9 + 0.004432X_9^2 + 0.001564X_9^3\
U_10 = -0.407349X_10 + 0.005719X_10^2 + 0.001152X_10^3\
U_11 = -0.42315X_11 + 0.00539X_11^2 + 0.001253X_11^3\
U_12 = -0.418514X_12 + 0.008116X_12^2 + 0.001068X_12^3\
U_13 = -0.422271X_13 + 0.008211X_13^2 + 0.001017X_13^3\
U_14 = -0.40708X_14 + 0.003779X_14^2 + 0.001343X_14^3\
U_15 = -0.41942X_15 + 0.003377X_15^2 + 0.001643X_15^3\
U_16 = -0.411445X_16 + 0.003836X_16^2 + 0.00145X_16^3\
U_17 = -0.410065X_17 + 0.002889X_17^2 + 0.001596X_17^3\
U_18 = -0.419337X_18 + 0.005057X_18^2 + 0.001393X_18^3\
U_19 = -0.412031X_19 + 0.004029X_19^2 + 0.001494X_19^3\
U_20 = -0.420305X_20 + 0.00302X_20^2 + 0.00172X_20^3\
U_21 = -0.414635X_21 + 0.002964X_21^2 + 0.001493X_21^3\
U_22 = -0.3994X_22 + 0.004374X_22^2 + 0.001232X_22^3\
U_23 = -0.406817X_23 + 0.003365X_23^2 + 0.001429X_23^3\
U_24 = -0.415349X_24 + 0.006073X_24^2 + 0.001403X_24^3\
U_25 = -0.425532X_25 + 0.004052X_25^2 + 0.001509X_25^3\
U_26 = -0.421541X_26 + 0.006666X_26^2 + 0.001196X_26^3\
U_27 = -0.420929X_27 + 0.003798X_27^2 + 0.001497X_27^3\
U_28 = -0.407592X_28 + 0.005618X_28^2 + 0.001194X_28^3\
U_29 = -0.411327X_29 + 0.005795X_29^2 + 0.001222X_29^3\
U_30 = -0.410403X_30 + 0.006X_30^2 + 0.001161X_30^3\
U_31 = -0.407106X_31 + 0.002731X_31^2 + 0.001546X_31^3\
U_32 = -0.407805X_32 + 0.005708X_32^2 + 0.00113X_32^3\
U_33 = -0.423465X_33 + 0.002112X_33^2 + 0.001784X_33^3\
U_34 = -0.418167X_34 + 0.001035X_34^2 + 0.001967X_34^3\
U_35 = -0.413706X_35 + 0.005454X_35^2 + 0.001299X_35^3\
U_36 = -0.423306X_36 + 0.001984X_36^2 + 0.001865X_36^3\
U_37 = -0.41917X_37 + 0.006059X_37^2 + 0.001418X_37^3\
U_38 = -0.416429X_38 + 0.005177X_38^2 + 0.001371X_38^3\
U_39 = -0.422164X_39 + 0.005783X_39^2 + 0.001259X_39^3\
U_40 = -0.423603X_40 + 0.004042X_40^2 + 0.001607X_40^3}