{\rtf1\ansi\ansicpg1252\cocoartf2580
\cocoatextscaling0\cocoaplatform0{\fonttbl\f0\fswiss\fcharset0 Helvetica;}
{\colortbl;\red255\green255\blue255;}
{\*\expandedcolortbl;;}
\margl1440\margr1440\vieww11520\viewh8400\viewkind0
\pard\tx566\tx1133\tx1700\tx2267\tx2834\tx3401\tx3968\tx4535\tx5102\tx5669\tx6236\tx6803\pardirnatural\partightenfactor0

\f0\fs24 \cf0 U_1 = -0.467216X_1 + 0.003429X_1^2 + 0.004481X_1^3 + -0.000262X_1^4 + -0.024315\
U_2 = -0.47689X_2 + 0.0002X_2^2 + 0.005351X_2^3 + -0.000299X_2^4 + -0.024315\
U_3 = -0.478369X_3 + 0.002902X_3^2 + 0.005584X_3^3 + -0.000358X_3^4 + -0.024315\
U_4 = -0.472069X_4 + 0.002041X_4^2 + 0.005191X_4^3 + -0.000307X_4^4 + -0.024315\
U_5 = -0.481931X_5 + 0.001638X_5^2 + 0.005625X_5^3 + -0.000345X_5^4 + -0.024315\
U_6 = -0.486479X_6 + 0.001797X_6^2 + 0.006035X_6^3 + -0.000385X_6^4 + -0.024315\
U_7 = -0.46724X_7 + 0.001871X_7^2 + 0.004872X_7^3 + -0.000281X_7^4 + -0.024315\
U_8 = -0.487255X_8 + 0.002038X_8^2 + 0.00592X_8^3 + -0.000368X_8^4 + -0.024315\
U_9 = -0.466759X_9 + 0.003636X_9^2 + 0.004494X_9^3 + -0.000258X_9^4 + -0.024315\
U_10 = -0.463411X_10 + 0.002444X_10^2 + 0.004413X_10^3 + -0.00024X_10^4 + -0.024315\
U_11 = -0.478315X_11 + 0.004852X_11^2 + 0.004976X_11^3 + -0.000318X_11^4 + -0.024315\
U_12 = -0.467606X_12 + 0.004247X_12^2 + 0.004642X_12^3 + -0.00028X_12^4 + -0.024315\
U_13 = -0.46995X_13 + 0.002823X_13^2 + 0.004957X_13^3 + -0.000297X_13^4 + -0.024315\
U_14 = -0.470231X_14 + 0.001179X_14^2 + 0.004991X_14^3 + -0.00028X_14^4 + -0.024315\
U_15 = -0.48344X_15 + 0.003052X_15^2 + 0.005955X_15^3 + -0.00039X_15^4 + -0.024315\
U_16 = -0.470097X_16 + 0.003608X_16^2 + 0.004726X_16^3 + -0.000275X_16^4 + -0.024315\
U_17 = -0.473192X_17 + 0.001691X_17^2 + 0.005294X_17^3 + -0.000313X_17^4 + -0.024315\
U_18 = -0.47504X_18 + 0.004303X_18^2 + 0.005322X_18^3 + -0.000345X_18^4 + -0.024315\
U_19 = -0.473415X_19 + 0.002968X_19^2 + 0.004922X_19^3 + -0.000289X_19^4 + -0.024315\
U_20 = -0.474502X_20 + 0.003374X_20^2 + 0.005137X_20^3 + -0.000306X_20^4 + -0.024315\
U_21 = -0.472923X_21 + 0.003193X_21^2 + 0.005178X_21^3 + -0.000327X_21^4 + -0.024315\
U_22 = -0.466437X_22 + 0.001616X_22^2 + 0.005185X_22^3 + -0.000318X_22^4 + -0.024315\
U_23 = -0.474267X_23 + 0.003114X_23^2 + 0.005215X_23^3 + -0.000323X_23^4 + -0.024315\
U_24 = -0.465558X_24 + 0.002984X_24^2 + 0.004562X_24^3 + -0.000262X_24^4 + -0.024315\
U_25 = -0.474495X_25 + 0.002997X_25^2 + 0.005042X_25^3 + -0.000302X_25^4 + -0.024315\
U_26 = -0.468641X_26 + 0.003332X_26^2 + 0.004428X_26^3 + -0.000249X_26^4 + -0.024315\
U_27 = -0.479017X_27 + 0.002635X_27^2 + 0.005268X_27^3 + -0.000322X_27^4 + -0.024315\
U_28 = -0.466174X_28 + 0.002651X_28^2 + 0.004866X_28^3 + -0.000289X_28^4 + -0.024315\
U_29 = -0.476855X_29 + 0.002663X_29^2 + 0.005199X_29^3 + -0.000311X_29^4 + -0.024315\
U_30 = -0.478937X_30 + 0.001475X_30^2 + 0.00543X_30^3 + -0.00032X_30^4 + -0.024315\
U_31 = -0.45929X_31 + 0.004295X_31^2 + 0.00434X_31^3 + -0.00026X_31^4 + -0.024315\
U_32 = -0.477136X_32 + 0.003377X_32^2 + 0.005254X_32^3 + -0.000323X_32^4 + -0.024315\
U_33 = -0.472517X_33 + 0.001649X_33^2 + 0.004832X_33^3 + -0.000264X_33^4 + -0.024315\
U_34 = -0.470095X_34 + 0.004248X_34^2 + 0.004854X_34^3 + -0.000301X_34^4 + -0.024315\
U_35 = -0.476457X_35 + 0.005394X_35^2 + 0.005025X_35^3 + -0.000326X_35^4 + -0.024315\
U_36 = -0.4798X_36 + 0.000396X_36^2 + 0.005354X_36^3 + -0.000286X_36^4 + -0.024315\
U_37 = -0.468947X_37 + 0.00297X_37^2 + 0.004916X_37^3 + -0.000289X_37^4 + -0.024315\
U_38 = -0.476784X_38 + 0.002019X_38^2 + 0.005193X_38^3 + -0.000302X_38^4 + -0.024315\
U_39 = -0.480576X_39 + 0.004569X_39^2 + 0.005093X_39^3 + -0.000322X_39^4 + -0.024315\
U_40 = -0.482054X_40 + 0.001322X_40^2 + 0.005556X_40^3 + -0.000332X_40^4 + -0.024315}